

This code output is a numerical aproximation for a plane stresss 
or a plane strain problem.

Loading input data from file: elm_data102.dat
Reading Data FileFile info: %This code defines the elastic properties of the material
Mechanical properties: 
Young M.        nu             mu                   h          selectFlag
100000           0.25          8e+10                50              1
Number Of Elements     Number Of Nodes
12                       21
Number Of Fixed Nodes            Number Of Dynamic Constrains
3                                       2
Model Type                Global Element Thickness
4                                      50
Total number of degrees of freedom
42
Reading element map: 
%elements_map:_element_ID,_1st_node_ID,_2nd_node_id,_...
4  0  3  4  1  
4  1  4  5  2  
4  3  6  7  4  
4  4  7  8  5  
4  6  9  10  7  
4  7  10  11  8  
4  9  12  13  10  
4  10  13  14  11  
4  12  15  16  13  
4  13  16  17  14  
4  15  18  19  16  
4  16  19  20  17  
Reading node coordinates map: 
%nodal_coordinates_map:_xCoordindate,_yCoordindate,...
0.000  0.000  
0.000  100.000  
0.000  200.000  
200.000  0.000  
200.000  100.000  
200.000  200.000  
400.000  0.000  
400.000  100.000  
400.000  200.000  
600.000  0.000  
600.000  100.000  
600.000  200.000  
800.000  0.000  
800.000  100.000  
800.000  200.000  
1000.000  0.000  
1000.000  100.000  
1000.000  200.000  
1200.000  0.000  
1200.000  100.000  
1200.000  200.000  
Reading global nodal indexes map where constrains are imposed: 
0  
1  
2  
Reading global nodal map of constrains values: 1: fixed node, 0: free node 
1.000  1.000  
1.000  0.000  
1.000  0.000  
Reading global nodal indexes map where forces are imposed: 
20  
18  
Reading global nodal map of force values 
0.000  
0.000  
0.000  
0.000  
0.000  
0.000  
0.000  
0.000  
0.000  
0.000  
0.000  
0.000  
0.000  
0.000  
0.000  
0.000  
0.000  
0.000  
0.000  
0.000  
0.000  
0.000  
0.000  
0.000  
0.000  
0.000  
0.000  
0.000  
0.000  
0.000  
0.000  
0.000  
0.000  
0.000  
0.000  
0.000  
100000.000  
0.000  
0.000  
0.000  
-100000.000  
0.000  
Basic Kg Assembler 
Basic RHS Assembler 
Global Displacements 

0.000  
0.000  
0.000  
-0.005  
0.000  
-0.000  
0.085  
0.085  
0.000  
0.079  
-0.085  
0.085  
0.169  
0.339  
-0.000  
0.334  
-0.169  
0.339  
0.254  
0.762  
0.000  
0.757  
-0.254  
0.762  
0.339  
1.355  
-0.000  
1.350  
-0.339  
1.355  
0.424  
2.118  
-0.000  
2.112  
-0.424  
2.118  
0.508  
3.049  
-0.000  
3.044  
-0.508  
3.049  
Element Stresses
Emt ID Node ID Gauss Point GP X-coord. GP Y-coord. XXstress YYstress XYstress Pricipal Stress 1 Pricipal Stress 2
1        1       1         42.265         21.132    34.218     3.260   9.781      37.049           0.429
1        4       2        157.735         21.132    34.218     3.260  -9.781      37.049           0.429
1        5       3        157.735         78.868     8.135    -3.260  -9.781      13.757          -8.882
1        2       4         42.265         78.868     8.135    -3.260   9.781      13.757          -8.882
2        2       5         42.265        121.132    -8.135     3.260   9.781       8.882         -13.757
2        5       6        157.735        121.132    -8.135     3.260  -9.781       8.882         -13.757
2        6       7        157.735        178.868   -34.218    -3.260  -9.781      -0.429         -37.049
2        3       8         42.265        178.868   -34.218    -3.260   9.781      -0.429         -37.049
3        4       9        242.265         21.132    34.218     3.260   9.781      37.049           0.429
3        7      10        357.735         21.132    34.218     3.260  -9.781      37.049           0.429
3        8      11        357.735         78.868     8.135    -3.260  -9.781      13.757          -8.882
3        5      12        242.265         78.868     8.135    -3.260   9.781      13.757          -8.882
4        5      13        242.265        121.132    -8.135     3.260   9.781       8.882         -13.757
4        8      14        357.735        121.132    -8.135     3.260  -9.781       8.882         -13.757
4        9      15        357.735        178.868   -34.218    -3.260  -9.781      -0.429         -37.049
4        6      16        242.265        178.868   -34.218    -3.260   9.781      -0.429         -37.049
5        7      17        442.265         21.132    34.218     3.260   9.781      37.049           0.429
5       10      18        557.735         21.132    34.218     3.260  -9.781      37.049           0.429
5       11      19        557.735         78.868     8.135    -3.260  -9.781      13.757          -8.882
5        8      20        442.265         78.868     8.135    -3.260   9.781      13.757          -8.882
6        8      21        442.265        121.132    -8.135     3.260   9.781       8.882         -13.757
6       11      22        557.735        121.132    -8.135     3.260  -9.781       8.882         -13.757
6       12      23        557.735        178.868   -34.218    -3.260  -9.781      -0.429         -37.049
6        9      24        442.265        178.868   -34.218    -3.260   9.781      -0.429         -37.049
7       10      25        642.265         21.132    34.218     3.260   9.781      37.049           0.429
7       13      26        757.735         21.132    34.218     3.260  -9.781      37.049           0.429
7       14      27        757.735         78.868     8.135    -3.260  -9.781      13.757          -8.882
7       11      28        642.265         78.868     8.135    -3.260   9.781      13.757          -8.882
8       11      29        642.265        121.132    -8.135     3.260   9.781       8.882         -13.757
8       14      30        757.735        121.132    -8.135     3.260  -9.781       8.882         -13.757
8       15      31        757.735        178.868   -34.218    -3.260  -9.781      -0.429         -37.049
8       12      32        642.265        178.868   -34.218    -3.260   9.781      -0.429         -37.049
9       13      33        842.265         21.132    34.218     3.260   9.781      37.049           0.429
9       16      34        957.735         21.132    34.218     3.260  -9.781      37.049           0.429
9       17      35        957.735         78.868     8.135    -3.260  -9.781      13.757          -8.882
9       14      36        842.265         78.868     8.135    -3.260   9.781      13.757          -8.882
10       14      37        842.265        121.132    -8.135     3.260   9.781       8.882         -13.757
10       17      38        957.735        121.132    -8.135     3.260  -9.781       8.882         -13.757
10       18      39        957.735        178.868   -34.218    -3.260  -9.781      -0.429         -37.049
10       15      40        842.265        178.868   -34.218    -3.260   9.781      -0.429         -37.049
11       16      41       1042.265         21.132    34.218     3.260   9.781      37.049           0.429
11       19      42       1157.735         21.132    34.218     3.260  -9.781      37.049           0.429
11       20      43       1157.735         78.868     8.135    -3.260  -9.781      13.757          -8.882
11       17      44       1042.265         78.868     8.135    -3.260   9.781      13.757          -8.882
12       17      45       1042.265        121.132    -8.135     3.260   9.781       8.882         -13.757
12       20      46       1157.735        121.132    -8.135     3.260  -9.781       8.882         -13.757
12       21      47       1157.735        178.868   -34.218    -3.260  -9.781      -0.429         -37.049
12       18      48       1042.265        178.868   -34.218    -3.260   9.781      -0.429         -37.049

Loading input data from file: elm_data102.dat
Reading Data FileFile info: %This code defines the elastic properties of the material
Mechanical properties: 
Young M.        nu             mu                   h          selectFlag
100000.000          0.25080000000000.000            50.000              1
Number Of Elements     Number Of Nodes
12                       21
Number Of Fixed Nodes            Number Of Dynamic Constrains
3                                       2
Model Type                Global Element Thickness
4                                  50.000
Total number of degrees of freedom
42
Reading element map: 
%elements_map:_element_ID,_1st_node_ID,_2nd_node_id,_...
4  0  3  4  1  
4  1  4  5  2  
4  3  6  7  4  
4  4  7  8  5  
4  6  9  10  7  
4  7  10  11  8  
4  9  12  13  10  
4  10  13  14  11  
4  12  15  16  13  
4  13  16  17  14  
4  15  18  19  16  
4  16  19  20  17  
Reading node coordinates map: 
%nodal_coordinates_map:_xCoordindate,_yCoordindate,...
0.000  0.000  
0.000  100.000  
0.000  200.000  
200.000  0.000  
200.000  100.000  
200.000  200.000  
400.000  0.000  
400.000  100.000  
400.000  200.000  
600.000  0.000  
600.000  100.000  
600.000  200.000  
800.000  0.000  
800.000  100.000  
800.000  200.000  
1000.000  0.000  
1000.000  100.000  
1000.000  200.000  
1200.000  0.000  
1200.000  100.000  
1200.000  200.000  
Reading global nodal indexes map where constrains are imposed: 
0  
1  
2  
Reading global nodal map of constrains values: 1: fixed node, 0: free node 
1.000  1.000  
1.000  0.000  
1.000  0.000  
Reading global nodal indexes map where forces are imposed: 
20  
18  
Reading global nodal map of force values 
0.000  
0.000  
0.000  
0.000  
0.000  
0.000  
0.000  
0.000  
0.000  
0.000  
0.000  
0.000  
0.000  
0.000  
0.000  
0.000  
0.000  
0.000  
0.000  
0.000  
0.000  
0.000  
0.000  
0.000  
0.000  
0.000  
0.000  
0.000  
0.000  
0.000  
0.000  
0.000  
0.000  
0.000  
0.000  
0.000  
100000.000  
0.000  
0.000  
0.000  
-100000.000  
0.000  
Basic Kg Assembler 
Basic RHS Assembler 
Global Displacements 1

0.000  
0.000  
0.000  
-0.005  
0.000  
-0.000  
0.085  
0.085  
0.000  
0.079  
-0.085  
0.085  
0.169  
0.339  
0.000  
0.334  
-0.169  
0.339  
0.254  
0.762  
0.000  
0.757  
-0.254  
0.762  
0.339  
1.355  
0.000  
1.350  
-0.339  
1.355  
0.424  
2.118  
0.000  
2.112  
-0.424  
2.118  
0.508  
3.049  
0.000  
3.044  
-0.508  
3.049  
Element Stresses
Emt ID Node ID Gauss Point GP X-coord. GP Y-coord. XXstress YYstress XYstress Pricipal Stress 1 Pricipal Stress 2
1        1       1         42.265         21.132    34.218     3.260   9.781      37.049           0.429
1        4       2        157.735         21.132    34.218     3.260  -9.781      37.049           0.429
1        5       3        157.735         78.868     8.135    -3.260  -9.781      13.757          -8.882
1        2       4         42.265         78.868     8.135    -3.260   9.781      13.757          -8.882
2        2       5         42.265        121.132    -8.135     3.260   9.781       8.882         -13.757
2        5       6        157.735        121.132    -8.135     3.260  -9.781       8.882         -13.757
2        6       7        157.735        178.868   -34.218    -3.260  -9.781      -0.429         -37.049
2        3       8         42.265        178.868   -34.218    -3.260   9.781      -0.429         -37.049
3        4       9        242.265         21.132    34.218     3.260   9.781      37.049           0.429
3        7      10        357.735         21.132    34.218     3.260  -9.781      37.049           0.429
3        8      11        357.735         78.868     8.135    -3.260  -9.781      13.757          -8.882
3        5      12        242.265         78.868     8.135    -3.260   9.781      13.757          -8.882
4        5      13        242.265        121.132    -8.135     3.260   9.781       8.882         -13.757
4        8      14        357.735        121.132    -8.135     3.260  -9.781       8.882         -13.757
4        9      15        357.735        178.868   -34.218    -3.260  -9.781      -0.429         -37.049
4        6      16        242.265        178.868   -34.218    -3.260   9.781      -0.429         -37.049
5        7      17        442.265         21.132    34.218     3.260   9.781      37.049           0.429
5       10      18        557.735         21.132    34.218     3.260  -9.781      37.049           0.429
5       11      19        557.735         78.868     8.135    -3.260  -9.781      13.757          -8.882
5        8      20        442.265         78.868     8.135    -3.260   9.781      13.757          -8.882
6        8      21        442.265        121.132    -8.135     3.260   9.781       8.882         -13.757
6       11      22        557.735        121.132    -8.135     3.260  -9.781       8.882         -13.757
6       12      23        557.735        178.868   -34.218    -3.260  -9.781      -0.429         -37.049
6        9      24        442.265        178.868   -34.218    -3.260   9.781      -0.429         -37.049
7       10      25        642.265         21.132    34.218     3.260   9.781      37.049           0.429
7       13      26        757.735         21.132    34.218     3.260  -9.781      37.049           0.429
7       14      27        757.735         78.868     8.135    -3.260  -9.781      13.757          -8.882
7       11      28        642.265         78.868     8.135    -3.260   9.781      13.757          -8.882
8       11      29        642.265        121.132    -8.135     3.260   9.781       8.882         -13.757
8       14      30        757.735        121.132    -8.135     3.260  -9.781       8.882         -13.757
8       15      31        757.735        178.868   -34.218    -3.260  -9.781      -0.429         -37.049
8       12      32        642.265        178.868   -34.218    -3.260   9.781      -0.429         -37.049
9       13      33        842.265         21.132    34.218     3.260   9.781      37.049           0.429
9       16      34        957.735         21.132    34.218     3.260  -9.781      37.049           0.429
9       17      35        957.735         78.868     8.135    -3.260  -9.781      13.757          -8.882
9       14      36        842.265         78.868     8.135    -3.260   9.781      13.757          -8.882
10       14      37        842.265        121.132    -8.135     3.260   9.781       8.882         -13.757
10       17      38        957.735        121.132    -8.135     3.260  -9.781       8.882         -13.757
10       18      39        957.735        178.868   -34.218    -3.260  -9.781      -0.429         -37.049
10       15      40        842.265        178.868   -34.218    -3.260   9.781      -0.429         -37.049
11       16      41       1042.265         21.132    34.218     3.260   9.781      37.049           0.429
11       19      42       1157.735         21.132    34.218     3.260  -9.781      37.049           0.429
11       20      43       1157.735         78.868     8.135    -3.260  -9.781      13.757          -8.882
11       17      44       1042.265         78.868     8.135    -3.260   9.781      13.757          -8.882
12       17      45       1042.265        121.132    -8.135     3.260   9.781       8.882         -13.757
12       20      46       1157.735        121.132    -8.135     3.260  -9.781       8.882         -13.757
12       21      47       1157.735        178.868   -34.218    -3.260  -9.781      -0.429         -37.049
12       18      48       1042.265        178.868   -34.218    -3.260   9.781      -0.429         -37.049

Loading input data from file: elm_data102.dat
Reading Data FileFile info: %This code defines the elastic properties of the material
Mechanical properties: 
Young M.        nu             mu                   h          selectFlag
100000.000          0.25080000000000.000            50.000              1
Number Of Elements     Number Of Nodes
12                       21
Number Of Fixed Nodes            Number Of Dynamic Constrains
3                                       2
Model Type                Global Element Thickness
4                                  50.000
Total number of degrees of freedom
42
Reading element map: 
%elements_map:_element_ID,_1st_node_ID,_2nd_node_id,_...
4  0  3  4  1  
4  1  4  5  2  
4  3  6  7  4  
4  4  7  8  5  
4  6  9  10  7  
4  7  10  11  8  
4  9  12  13  10  
4  10  13  14  11  
4  12  15  16  13  
4  13  16  17  14  
4  15  18  19  16  
4  16  19  20  17  
Reading node coordinates map: 
%nodal_coordinates_map:_xCoordindate,_yCoordindate,...
0.000  0.000  
0.000  100.000  
0.000  200.000  
200.000  0.000  
200.000  100.000  
200.000  200.000  
400.000  0.000  
400.000  100.000  
400.000  200.000  
600.000  0.000  
600.000  100.000  
600.000  200.000  
800.000  0.000  
800.000  100.000  
800.000  200.000  
1000.000  0.000  
1000.000  100.000  
1000.000  200.000  
1200.000  0.000  
1200.000  100.000  
1200.000  200.000  
Reading global nodal indexes map where constrains are imposed: 
0  
1  
2  
Reading global nodal map of constrains values: 1: fixed node, 0: free node 
1.000  1.000  
1.000  0.000  
1.000  0.000  
Reading global nodal indexes map where forces are imposed: 
20  
18  
Reading global nodal map of force values 
0.000  
0.000  
0.000  
0.000  
0.000  
0.000  
0.000  
0.000  
0.000  
0.000  
0.000  
0.000  
0.000  
0.000  
0.000  
0.000  
0.000  
0.000  
0.000  
0.000  
0.000  
0.000  
0.000  
0.000  
0.000  
0.000  
0.000  
0.000  
0.000  
0.000  
0.000  
0.000  
0.000  
0.000  
0.000  
0.000  
100000.000  
0.000  
0.000  
0.000  
-100000.000  
0.000  
Basic Kg Assembler 
Basic RHS Assembler 
Global Displacements calculated with LAPACK DGESV 0

0.000  
0.000  
0.000  
-0.005  
0.000  
-0.000  
0.085  
0.085  
0.000  
0.079  
-0.085  
0.085  
0.169  
0.339  
0.000  
0.334  
-0.169  
0.339  
0.254  
0.762  
0.000  
0.757  
-0.254  
0.762  
0.339  
1.355  
0.000  
1.350  
-0.339  
1.355  
0.424  
2.118  
0.000  
2.112  
-0.424  
2.118  
0.508  
3.049  
0.000  
3.044  
-0.508  
3.049  
Element Stresses
Emt ID Node ID Gauss Point GP X-coord. GP Y-coord. XXstress YYstress XYstress Pricipal Stress 1 Pricipal Stress 2
1        1       1         42.265         21.132    34.218     3.260   9.781      37.049           0.429
1        4       2        157.735         21.132    34.218     3.260  -9.781      37.049           0.429
1        5       3        157.735         78.868     8.135    -3.260  -9.781      13.757          -8.882
1        2       4         42.265         78.868     8.135    -3.260   9.781      13.757          -8.882
2        2       5         42.265        121.132    -8.135     3.260   9.781       8.882         -13.757
2        5       6        157.735        121.132    -8.135     3.260  -9.781       8.882         -13.757
2        6       7        157.735        178.868   -34.218    -3.260  -9.781      -0.429         -37.049
2        3       8         42.265        178.868   -34.218    -3.260   9.781      -0.429         -37.049
3        4       9        242.265         21.132    34.218     3.260   9.781      37.049           0.429
3        7      10        357.735         21.132    34.218     3.260  -9.781      37.049           0.429
3        8      11        357.735         78.868     8.135    -3.260  -9.781      13.757          -8.882
3        5      12        242.265         78.868     8.135    -3.260   9.781      13.757          -8.882
4        5      13        242.265        121.132    -8.135     3.260   9.781       8.882         -13.757
4        8      14        357.735        121.132    -8.135     3.260  -9.781       8.882         -13.757
4        9      15        357.735        178.868   -34.218    -3.260  -9.781      -0.429         -37.049
4        6      16        242.265        178.868   -34.218    -3.260   9.781      -0.429         -37.049
5        7      17        442.265         21.132    34.218     3.260   9.781      37.049           0.429
5       10      18        557.735         21.132    34.218     3.260  -9.781      37.049           0.429
5       11      19        557.735         78.868     8.135    -3.260  -9.781      13.757          -8.882
5        8      20        442.265         78.868     8.135    -3.260   9.781      13.757          -8.882
6        8      21        442.265        121.132    -8.135     3.260   9.781       8.882         -13.757
6       11      22        557.735        121.132    -8.135     3.260  -9.781       8.882         -13.757
6       12      23        557.735        178.868   -34.218    -3.260  -9.781      -0.429         -37.049
6        9      24        442.265        178.868   -34.218    -3.260   9.781      -0.429         -37.049
7       10      25        642.265         21.132    34.218     3.260   9.781      37.049           0.429
7       13      26        757.735         21.132    34.218     3.260  -9.781      37.049           0.429
7       14      27        757.735         78.868     8.135    -3.260  -9.781      13.757          -8.882
7       11      28        642.265         78.868     8.135    -3.260   9.781      13.757          -8.882
8       11      29        642.265        121.132    -8.135     3.260   9.781       8.882         -13.757
8       14      30        757.735        121.132    -8.135     3.260  -9.781       8.882         -13.757
8       15      31        757.735        178.868   -34.218    -3.260  -9.781      -0.429         -37.049
8       12      32        642.265        178.868   -34.218    -3.260   9.781      -0.429         -37.049
9       13      33        842.265         21.132    34.218     3.260   9.781      37.049           0.429
9       16      34        957.735         21.132    34.218     3.260  -9.781      37.049           0.429
9       17      35        957.735         78.868     8.135    -3.260  -9.781      13.757          -8.882
9       14      36        842.265         78.868     8.135    -3.260   9.781      13.757          -8.882
10       14      37        842.265        121.132    -8.135     3.260   9.781       8.882         -13.757
10       17      38        957.735        121.132    -8.135     3.260  -9.781       8.882         -13.757
10       18      39        957.735        178.868   -34.218    -3.260  -9.781      -0.429         -37.049
10       15      40        842.265        178.868   -34.218    -3.260   9.781      -0.429         -37.049
11       16      41       1042.265         21.132    34.218     3.260   9.781      37.049           0.429
11       19      42       1157.735         21.132    34.218     3.260  -9.781      37.049           0.429
11       20      43       1157.735         78.868     8.135    -3.260  -9.781      13.757          -8.882
11       17      44       1042.265         78.868     8.135    -3.260   9.781      13.757          -8.882
12       17      45       1042.265        121.132    -8.135     3.260   9.781       8.882         -13.757
12       20      46       1157.735        121.132    -8.135     3.260  -9.781       8.882         -13.757
12       21      47       1157.735        178.868   -34.218    -3.260  -9.781      -0.429         -37.049
12       18      48       1042.265        178.868   -34.218    -3.260   9.781      -0.429         -37.049

Loading input data from file: elm_data102.dat
Reading Data FileFile info: %This code defines the elastic properties of the material
Mechanical properties: 
Young M.        nu             mu                   h          selectFlag
100000.000          0.25080000000000.000            50.000              1
Number Of Elements     Number Of Nodes
12                       21
Number Of Fixed Nodes            Number Of Dynamic Constrains
3                                       2
Model Type                Global Element Thickness
4                                  50.000
Total number of degrees of freedom
42
Reading element map: 
%elements_map:_element_ID,_1st_node_ID,_2nd_node_id,_...
4  0  3  4  1  
4  1  4  5  2  
4  3  6  7  4  
4  4  7  8  5  
4  6  9  10  7  
4  7  10  11  8  
4  9  12  13  10  
4  10  13  14  11  
4  12  15  16  13  
4  13  16  17  14  
4  15  18  19  16  
4  16  19  20  17  
Reading node coordinates map: 
%nodal_coordinates_map:_xCoordindate,_yCoordindate,...
0.000  0.000  
0.000  100.000  
0.000  200.000  
200.000  0.000  
200.000  100.000  
200.000  200.000  
400.000  0.000  
400.000  100.000  
400.000  200.000  
600.000  0.000  
600.000  100.000  
600.000  200.000  
800.000  0.000  
800.000  100.000  
800.000  200.000  
1000.000  0.000  
1000.000  100.000  
1000.000  200.000  
1200.000  0.000  
1200.000  100.000  
1200.000  200.000  
Reading global nodal indexes map where constrains are imposed: 
0  
1  
2  
Reading global nodal map of constrains values: 1: fixed node, 0: free node 
1.000  1.000  
1.000  0.000  
1.000  0.000  
Reading global nodal indexes map where forces are imposed: 
20  
18  
Reading global nodal map of force values 
0.000  
0.000  
0.000  
0.000  
0.000  
0.000  
0.000  
0.000  
0.000  
0.000  
0.000  
0.000  
0.000  
0.000  
0.000  
0.000  
0.000  
0.000  
0.000  
0.000  
0.000  
0.000  
0.000  
0.000  
0.000  
0.000  
0.000  
0.000  
0.000  
0.000  
0.000  
0.000  
0.000  
0.000  
0.000  
0.000  
100000.000  
0.000  
0.000  
0.000  
-100000.000  
0.000  
Basic Kg Assembler 
Basic RHS Assembler 
Global Displacements calculated with LAPACK DGBSV 0

0.000  
0.000  
0.000  
-0.005  
0.000  
0.000  
0.085  
0.085  
-0.000  
0.079  
-0.085  
0.085  
0.169  
0.339  
0.000  
0.334  
-0.169  
0.339  
0.254  
0.762  
0.000  
0.757  
-0.254  
0.762  
0.339  
1.355  
0.000  
1.350  
-0.339  
1.355  
0.424  
2.118  
0.000  
2.112  
-0.424  
2.118  
0.508  
3.049  
0.000  
3.044  
-0.508  
3.049  
Element Stresses
Emt ID Node ID Gauss Point GP X-coord. GP Y-coord. XXstress YYstress XYstress Pricipal Stress 1 Pricipal Stress 2
1        1       1         42.265         21.132    34.218     3.260   9.781      37.049           0.429
1        4       2        157.735         21.132    34.218     3.260  -9.781      37.049           0.429
1        5       3        157.735         78.868     8.135    -3.260  -9.781      13.757          -8.882
1        2       4         42.265         78.868     8.135    -3.260   9.781      13.757          -8.882
2        2       5         42.265        121.132    -8.135     3.260   9.781       8.882         -13.757
2        5       6        157.735        121.132    -8.135     3.260  -9.781       8.882         -13.757
2        6       7        157.735        178.868   -34.218    -3.260  -9.781      -0.429         -37.049
2        3       8         42.265        178.868   -34.218    -3.260   9.781      -0.429         -37.049
3        4       9        242.265         21.132    34.218     3.260   9.781      37.049           0.429
3        7      10        357.735         21.132    34.218     3.260  -9.781      37.049           0.429
3        8      11        357.735         78.868     8.135    -3.260  -9.781      13.757          -8.882
3        5      12        242.265         78.868     8.135    -3.260   9.781      13.757          -8.882
4        5      13        242.265        121.132    -8.135     3.260   9.781       8.882         -13.757
4        8      14        357.735        121.132    -8.135     3.260  -9.781       8.882         -13.757
4        9      15        357.735        178.868   -34.218    -3.260  -9.781      -0.429         -37.049
4        6      16        242.265        178.868   -34.218    -3.260   9.781      -0.429         -37.049
5        7      17        442.265         21.132    34.218     3.260   9.781      37.049           0.429
5       10      18        557.735         21.132    34.218     3.260  -9.781      37.049           0.429
5       11      19        557.735         78.868     8.135    -3.260  -9.781      13.757          -8.882
5        8      20        442.265         78.868     8.135    -3.260   9.781      13.757          -8.882
6        8      21        442.265        121.132    -8.135     3.260   9.781       8.882         -13.757
6       11      22        557.735        121.132    -8.135     3.260  -9.781       8.882         -13.757
6       12      23        557.735        178.868   -34.218    -3.260  -9.781      -0.429         -37.049
6        9      24        442.265        178.868   -34.218    -3.260   9.781      -0.429         -37.049
7       10      25        642.265         21.132    34.218     3.260   9.781      37.049           0.429
7       13      26        757.735         21.132    34.218     3.260  -9.781      37.049           0.429
7       14      27        757.735         78.868     8.135    -3.260  -9.781      13.757          -8.882
7       11      28        642.265         78.868     8.135    -3.260   9.781      13.757          -8.882
8       11      29        642.265        121.132    -8.135     3.260   9.781       8.882         -13.757
8       14      30        757.735        121.132    -8.135     3.260  -9.781       8.882         -13.757
8       15      31        757.735        178.868   -34.218    -3.260  -9.781      -0.429         -37.049
8       12      32        642.265        178.868   -34.218    -3.260   9.781      -0.429         -37.049
9       13      33        842.265         21.132    34.218     3.260   9.781      37.049           0.429
9       16      34        957.735         21.132    34.218     3.260  -9.781      37.049           0.429
9       17      35        957.735         78.868     8.135    -3.260  -9.781      13.757          -8.882
9       14      36        842.265         78.868     8.135    -3.260   9.781      13.757          -8.882
10       14      37        842.265        121.132    -8.135     3.260   9.781       8.882         -13.757
10       17      38        957.735        121.132    -8.135     3.260  -9.781       8.882         -13.757
10       18      39        957.735        178.868   -34.218    -3.260  -9.781      -0.429         -37.049
10       15      40        842.265        178.868   -34.218    -3.260   9.781      -0.429         -37.049
11       16      41       1042.265         21.132    34.218     3.260   9.781      37.049           0.429
11       19      42       1157.735         21.132    34.218     3.260  -9.781      37.049           0.429
11       20      43       1157.735         78.868     8.135    -3.260  -9.781      13.757          -8.882
11       17      44       1042.265         78.868     8.135    -3.260   9.781      13.757          -8.882
12       17      45       1042.265        121.132    -8.135     3.260   9.781       8.882         -13.757
12       20      46       1157.735        121.132    -8.135     3.260  -9.781       8.882         -13.757
12       21      47       1157.735        178.868   -34.218    -3.260  -9.781      -0.429         -37.049
12       18      48       1042.265        178.868   -34.218    -3.260   9.781      -0.429         -37.049






Press the Enter key to continue.

